method	pc	rep	rmsd	auc	lambda	type_1_err2	type_1_err4	type_1_err6	type_1_err8	power_calib2	power_calib4	power_calib6	power_calib8
pca-plink-pure	20	1	0.00341624434001287	0.1157147652195476	1.0207795972452816	0.01105345314939037	8.965109901700206e-5	0	0	0.5204081632653061	0.08163265306122448	0.04081632653061224	0.04081632653061224
gcta	0	1	-0.00100223355592209	0.1297491627316648	0.9939016966778146	0.00990380964434881	7.383031683753111e-5	0	0	0.5306122448979592	0.12244897959183672	0.05102040816326531	0.04081632653061224
pca-plink-pure	20	2	0.00865000882136922	0.09301068438152532	1.052347565022674	0.01244568198118381	2.3203813863224065e-4	5.273594059823651e-6	0	0.41836734693877553	0.07142857142857142	0.05102040816326531	0.03061224489795918
gcta	0	2	-8.823056477817648e-4	0.10424137612084976	0.9989553141540974	0.01022022528793823	1.3183985149559126e-4	5.273594059823651e-6	0	0.45918367346938777	0.1020408163265306	0.03061224489795918	0.03061224489795918
pca-plink-pure	20	3	0.00495258827098643	0.0693398339033762	1.0272094381765715	0.01086360376323672	1.0019828713664936e-4	0	0	0.4489795918367347	0.09183673469387756	0.01020408163265306	0.01020408163265306
gcta	0	3	-9.762222186184752e-4	0.0924559707871428	0.999843712988572	0.00986162089187022	7.910391089735477e-5	0	0	0.4387755102040816	0.1020408163265306	0.03061224489795918	0.03061224489795918
pca-plink-pure	20	4	0.0080739867931286	0.0244521597768876	1.047671658032577	0.01182339788212462	1.2129266337594396e-4	0	0	0.3979591836734694	0.02040816326530612	0	0
gcta	0	4	-4.718642948686336e-4	0.03319970879924369	1.000975445704126	0.0097666961987934	5.800953465806016e-5	0	0	0.40816326530612246	0.04081632653061224	0	0
pca-plink-pure	20	5	0.01080463938302014	0.05313651430152458	1.0649157659757762	0.01259334261485887	2.1094376239294603e-4	0	0	0.4489795918367347	0.06122448979591836	0.01020408163265306	0.01020408163265306
gcta	0	5	6.81506292284045e-4	0.06023111191228793	1.0060364403239073	0.00968759228789604	8.437750495717842e-5	0	0	0.45918367346938777	0.05102040816326531	0.01020408163265306	0.01020408163265306
pca-plink-pure	20	6	0.00749704041873567	0.04606088142051499	1.0466485911577903	0.01199215289203898	1.7930219803400412e-4	2.1094376239294604e-5	0	0.41836734693877553	0.06122448979591836	0	0
gcta	0	6	-9.164884850129956e-4	0.07237859236158949	0.9966216349188912	0.00974032822849428	9.492469307682572e-5	1.0547188119647302e-5	0	0.42857142857142855	0.08163265306122448	0.02040816326530612	0.01020408163265306
pca-plink-pure	20	7	0.00535114553436874	0.11466709944807604	1.0301124166289293	0.01101126439691178	1.1601906931612032e-4	5.273594059823651e-6	0	0.5102040816326531	0.11224489795918367	0.01020408163265306	0
gcta	0	7	-6.486247823156906e-4	0.14189246550966028	0.999309672120714	0.00961903556511833	6.855672277770746e-5	5.273594059823651e-6	0	0.5102040816326531	0.14285714285714285	0.02040816326530612	0.02040816326530612
pca-plink-pure	20	8	0.00777014371398347	0.06729101799722965	1.0417365891899293	0.01238239885246593	2.162173564527697e-4	5.273594059823651e-6	0	0.4387755102040816	0.07142857142857142	0	0
gcta	0	8	-7.485121675741851e-4	0.08330865054020505	1.0008027087339946	0.0098352529215711	1.3711344555541492e-4	5.273594059823651e-6	0	0.47959183673469385	0.07142857142857142	0.01020408163265306	0.01020408163265306
pca-plink-pure	20	9	0.00724412143673203	0.06858112259516967	1.040926784500969	0.01209762477323545	1.4766063367506222e-4	0	0	0.40816326530612246	0.08163265306122448	0	0
gcta	0	9	-0.00135621588496925	0.09052770885659768	0.9919986307110092	0.00975614901067375	1.0547188119647302e-4	0	0	0.45918367346938777	0.06122448979591836	0.03061224489795918	0.03061224489795918
pca-plink-pure	20	10	0.00538134092379475	0.07632555292112189	1.0276091633630369	0.01130131207020208	1.0547188119647302e-4	0	0	0.47959183673469385	0.07142857142857142	0	0
gcta	0	10	-0.00155026978269446	0.1242333557767862	0.9929219832969512	0.00984580010969075	7.910391089735477e-5	0	0	0.5102040816326531	0.11224489795918367	0.04081632653061224	0.03061224489795918
pca-plink-pure	20	11	0.00293244560523913	0.07424794809179519	1.0157872273391615	0.01108509471374931	6.855672277770746e-5	0	0	0.4387755102040816	0.1020408163265306	0	0
gcta	0	11	-0.00126490373911967	0.08093585891154913	0.9979370439841558	0.01005147027802387	7.910391089735477e-5	0	0	0.42857142857142855	0.09183673469387756	0.01020408163265306	0.01020408163265306
pca-plink-pure	20	12	0.00654419744962691	0.05377396897692729	1.036935018617552	0.01173374678310762	1.6875500991435683e-4	0	0	0.42857142857142855	0.07142857142857142	0	0
gcta	0	12	-0.00113276287004922	0.06827041840839614	0.9975108530463548	0.0097666961987934	1.1601906931612032e-4	0	0	0.42857142857142855	0.05102040816326531	0.01020408163265306	0.01020408163265306
pca-plink-pure	20	13	0.00790244958975694	0.06715257936147942	1.043976178179182	0.01238239885246593	2.478589208117116e-4	5.273594059823651e-6	0	0.5	0.07142857142857142	0.01020408163265306	0.01020408163265306
gcta	0	13	-3.6046804322164183e-4	0.08846661470823679	1.000751358682792	0.00986162089187022	1.1601906931612032e-4	5.273594059823651e-6	0	0.4897959183673469	0.08163265306122448	0.01020408163265306	0.01020408163265306
pca-plink-pure	20	14	0.00939582034771146	0.05475696553004513	1.0597603117297147	0.01215563430789351	1.6875500991435683e-4	5.273594059823651e-6	0	0.42857142857142855	0.04081632653061224	0.01020408163265306	0.01020408163265306
gcta	0	14	-0.00110020439026007	0.07117132473185445	0.9976086556588598	0.00973505463443446	1.0547188119647302e-4	5.273594059823651e-6	0	0.4693877551020408	0.07142857142857142	0.01020408163265306	0.01020408163265306
pca-plink-pure	20	15	0.00807501780713835	0.11874107444858126	1.0455804671723363	0.01191304898114162	1.3183985149559126e-4	0	0	0.47959183673469385	0.08163265306122448	0.03061224489795918	0.03061224489795918
gcta	0	15	-9.03404012651122e-4	0.13160471765068396	0.9937414586027092	0.00970341307007551	9.492469307682572e-5	0	0	0.5204081632653061	0.12244897959183672	0.03061224489795918	0.03061224489795918
pca-plink-pure	20	16	0.00717203520381257	0.05927874091997402	1.038778367512526	0.01204488883263722	2.162173564527697e-4	0	0	0.4693877551020408	0.04081632653061224	0	0
gcta	0	16	-9.63474129558002e-4	0.07660179466347601	0.9966588680932396	0.0099670927730667	1.5820782179470954e-4	0	0	0.5102040816326531	0.05102040816326531	0.01020408163265306	0.01020408163265306
pca-plink-pure	20	17	0.01140889072262822	0.10692907395928776	1.0628869758948218	0.01327890984263595	2.056701683331224e-4	0	0	0.4693877551020408	0.11224489795918367	0.02040816326530612	0.02040816326530612
gcta	0	17	-0.00112448307787966	0.14639261493234687	0.9979976064400288	0.00968231869383622	7.383031683753111e-5	0	0	0.47959183673469385	0.15306122448979592	0.03061224489795918	0.03061224489795918
pca-plink-pure	20	18	0.00719866354377459	0.10383605329864563	1.0465183478657871	0.01174956756528709	1.7930219803400412e-4	0	0	0.6020408163265306	0.07142857142857142	0.02040816326530612	0.02040816326530612
gcta	0	18	-0.00103877626795949	0.11996088878594668	1.000146972654679	0.00976142260473357	1.1074547525629668e-4	0	0	0.6020408163265306	0.09183673469387756	0.03061224489795918	0.03061224489795918
pca-plink-pure	20	19	0.00823511609081434	0.11845256246210836	1.0482752273076088	0.01201324726827827	1.6875500991435683e-4	0	0	0.4897959183673469	0.11224489795918367	0.04081632653061224	0.04081632653061224
gcta	0	19	7.111656279737584e-4	0.1265775752879263	1.0040392906002968	0.00980361135721216	1.0547188119647302e-4	0	0	0.5408163265306123	0.12244897959183672	0.04081632653061224	0.04081632653061224
pca-plink-pure	20	20	0.00543309147653641	0.08663386590875818	1.0317463457516198	0.0115069822385352	1.2129266337594396e-4	5.273594059823651e-6	0	0.5306122448979592	0.08163265306122448	0.01020408163265306	0.01020408163265306
gcta	0	20	-0.00104758154389708	0.12298037111600955	0.9990415639268728	0.0097456018225541	6.855672277770746e-5	0	0	0.6122448979591837	0.1020408163265306	0.02040816326530612	0.01020408163265306
pca-plink-pure	20	21	0.01378862869798643	0.07694657495034066	1.0821223893055203	0.01408049613972914	2.689532970510062e-4	1.0547188119647302e-5	0	0.41836734693877553	0.05102040816326531	0.01020408163265306	0.01020408163265306
gcta	0	21	-6.821408741754824e-4	0.12311999653138728	0.997410729021043	0.00986689448593005	9.492469307682572e-5	0	0	0.4387755102040816	0.09183673469387756	0.06122448979591836	0.06122448979591836
pca-plink-pure	20	22	0.01154476860217407	0.0913522203457238	1.0685704219096763	0.0137799012783192	2.425853267518879e-4	0	0	0.45918367346938777	0.08163265306122448	0.02040816326530612	0.02040816326530612
gcta	0	22	-7.967885200402949e-4	0.0996668214270264	0.9958213661142782	0.01012002700080158	8.965109901700206e-5	0	0	0.45918367346938777	0.11224489795918367	0.02040816326530612	0.02040816326530612
pca-plink-pure	20	23	0.00605653097717715	0.03276399755728931	1.0395989409264426	0.01171792600092815	2.056701683331224e-4	5.273594059823651e-6	0	0.3673469387755102	0.03061224489795918	0.01020408163265306	0.01020408163265306
gcta	0	23	6.348706459384411e-4	0.03905270475620474	1.004015894499922	0.00997763996118634	1.0019828713664936e-4	5.273594059823651e-6	0	0.35714285714285715	0.06122448979591836	0	0
pca-plink-pure	20	24	0.01044679920137974	0.05215066615807407	1.0591153586282178	0.01283592794161076	2.636797029911825e-4	5.273594059823651e-6	0	0.5306122448979592	0.05102040816326531	0	0
gcta	0	24	-5.807918323501357e-4	0.09699457189093676	1.0005716486006186	0.01019385731763911	1.2656625743576763e-4	0	0	0.5510204081632653	0.09183673469387756	0.01020408163265306	0.01020408163265306
pca-plink-pure	20	25	0.00883552277653728	0.09626243025657748	1.0531518027670432	0.01215036071383369	1.740286039741805e-4	5.273594059823651e-6	0	0.5306122448979592	0.08163265306122448	0.02040816326530612	0
gcta	0	25	9.282065235482496e-4	0.12298764670603242	1.0065988796334722	0.00947137493144327	9.492469307682572e-5	5.273594059823651e-6	0	0.5714285714285714	0.08163265306122448	0.01020408163265306	0.01020408163265306
pca-plink-pure	20	26	0.00644565324803143	0.07806396678261941	1.0381093056545818	0.01240876682276505	1.9512298021347508e-4	5.273594059823651e-6	0	0.5102040816326531	0.07142857142857142	0.02040816326530612	0.01020408163265306
gcta	0	26	-0.00140144751094825	0.10700500151701156	0.994765912171496	0.0100567438720837	8.437750495717842e-5	0	0	0.4897959183673469	0.09183673469387756	0.02040816326530612	0.02040816326530612
pca-plink-pure	20	27	0.01195557908285372	0.06279530187960622	1.064908436659582	0.01371134455554149	2.3203813863224065e-4	1.0547188119647302e-5	1.0547188119647302e-5	0.4489795918367347	0.08163265306122448	0.01020408163265306	0
gcta	0	27	-0.00111684207758275	0.07086798007629598	0.9929776827839464	0.00998291355524617	8.965109901700206e-5	1.0547188119647302e-5	5.273594059823651e-6	0.45918367346938777	0.08163265306122448	0.01020408163265306	0
pca-plink-pure	20	28	0.01025255177574525	0.05903800210872585	1.0622674369381189	0.01281483356537147	1.6875500991435683e-4	0	0	0.45918367346938777	0.06122448979591836	0.01020408163265306	0.01020408163265306
gcta	0	28	5.187170188098685e-4	0.08601687585113077	1.003054658243708	0.00986689448593005	8.965109901700206e-5	0	0	0.5102040816326531	0.09183673469387756	0.01020408163265306	0.01020408163265306
pca-plink-pure	20	29	0.01322436917873825	0.06028918782640403	1.0773756938867751	0.01385373159515673	2.373117326920643e-4	1.0547188119647302e-5	0	0.42857142857142855	0.07142857142857142	0	0
gcta	0	29	-9.698141676618436e-4	0.08326398750719335	0.9940038872746914	0.0099459983968274	9.492469307682572e-5	1.0547188119647302e-5	0	0.47959183673469385	0.1020408163265306	0.01020408163265306	0.01020408163265306
pca-plink-pure	20	30	0.00733088873143516	0.12659277707149133	1.0444023659935426	0.01217672868413281	1.6348141585453317e-4	0	0	0.5918367346938775	0.1020408163265306	0.04081632653061224	0.03061224489795918
gcta	0	30	-6.825685044540475e-4	0.1525922818327469	0.9979440318234698	0.01008838543644264	8.437750495717842e-5	0	0	0.6428571428571429	0.09183673469387756	0.05102040816326531	0.05102040816326531
pca-plink-pure	20	31	0.00745355791355141	0.10209778148259	1.0467330144961249	0.01200270008015863	1.9512298021347508e-4	0	0	0.4387755102040816	0.1020408163265306	0.03061224489795918	0.03061224489795918
gcta	0	31	-6.642067392095452e-4	0.105105045417064	0.9976435868525656	0.00982997932751128	1.1601906931612032e-4	0	0	0.5	0.07142857142857142	0.04081632653061224	0.04081632653061224
pca-plink-pure	20	32	0.00447926163875621	0.07385485819521442	1.0208269591233166	0.01172319959498797	1.2129266337594396e-4	0	0	0.41836734693877553	0.09183673469387756	0.01020408163265306	0.01020408163265306
gcta	0	32	-8.786724123536892e-4	0.09005932599749972	0.9971057450397618	0.0101463949711007	1.0547188119647302e-4	0	0	0.4387755102040816	0.09183673469387756	0.01020408163265306	0.01020408163265306
pca-plink-pure	20	33	0.00424628121211985	0.07382891187415998	1.0237475553477229	0.01124330253554402	1.2129266337594396e-4	5.273594059823651e-6	0	0.5	0.07142857142857142	0	0
gcta	0	33	-0.00101547658864691	0.09238256795120312	0.992406870541606	0.01017803653545964	8.437750495717842e-5	0	0	0.5	0.08163265306122448	0.02040816326530612	0
pca-plink-pure	20	34	0.01021896850635795	0.04236753398451406	1.0655608924461486	0.0123771252584061	1.5820782179470954e-4	5.273594059823651e-6	0	0.336734693877551	0.04081632653061224	0.01020408163265306	0.01020408163265306
gcta	0	34	9.207493321519284e-4	0.05825180656146716	1.0056311574087402	0.00988271526810952	9.492469307682572e-5	0	0	0.3775510204081632	0.07142857142857142	0.01020408163265306	0.01020408163265306
pca-plink-pure	20	35	0.00952102077468167	0.1068058527559446	1.0570704707752907	0.0127779184069527	1.7930219803400412e-4	0	0	0.5408163265306123	0.1020408163265306	0.02040816326530612	0.02040816326530612
gcta	0	35	-8.367851973235874e-4	0.12300347744314027	0.9969195286190166	0.00977724338691304	8.965109901700206e-5	0	0	0.5714285714285714	0.1326530612244898	0.03061224489795918	0.03061224489795918
pca-plink-pure	20	36	0.01013935045064805	0.04655294769390219	1.0577777048469286	0.01295722060498671	1.7930219803400412e-4	0	0	0.5306122448979592	0.03061224489795918	0	0
gcta	0	36	-0.00110306348782976	0.06661515678289841	0.998454240187582	0.00976142260473357	1.0019828713664936e-4	0	0	0.5408163265306123	0.05102040816326531	0	0
pca-plink-pure	20	37	0.00927371416003271	0.03999662444164423	1.0540437780757472	0.01315234358520018	2.478589208117116e-4	1.0547188119647302e-5	0	0.40816326530612246	0.03061224489795918	0.01020408163265306	0.01020408163265306
gcta	0	37	5.05159970349998e-4	0.04560399101322981	1.002383827488215	0.01004092308990423	9.492469307682572e-5	5.273594059823651e-6	0	0.40816326530612246	0.03061224489795918	0.01020408163265306	0.01020408163265306
pca-plink-pure	20	38	0.0043903344661161	0.05321281946042467	1.0266885391320433	0.01077395266421971	1.7930219803400412e-4	0	0	0.47959183673469385	0.05102040816326531	0.01020408163265306	0.01020408163265306
gcta	0	38	8.245077272498394e-4	0.05907575573527206	1.0041937148225049	0.00984052651563093	1.4238703961523858e-4	0	0	0.4489795918367347	0.05102040816326531	0.03061224489795918	0.01020408163265306
pca-plink-pure	20	39	0.00572641575843435	0.13890230821794933	1.031851363891488	0.01157026536725309	1.4766063367506222e-4	0	0	0.45918367346938777	0.1326530612244898	0.04081632653061224	0.04081632653061224
gcta	0	39	5.320626778872841e-4	0.15121438986062813	1.0033422571836224	0.00988798886216934	1.0547188119647302e-4	0	0	0.4693877551020408	0.12244897959183672	0.06122448979591836	0.06122448979591836
pca-plink-pure	20	40	0.00483130861962952	0.11885158292720666	1.025640193383515	0.0115966333375522	1.6348141585453317e-4	5.273594059823651e-6	0	0.5510204081632653	0.1020408163265306	0	0
gcta	0	40	-0.00186324688661667	0.13305373355700145	0.985227162412809	0.00981943213939163	1.0547188119647302e-4	0	0	0.5408163265306123	0.11224489795918367	0.01020408163265306	0.01020408163265306
pca-plink-pure	20	41	0.00744617870525537	0.05971946477903595	1.048113445564225	0.01181285069400497	1.740286039741805e-4	0	0	0.45918367346938777	0.05102040816326531	0.01020408163265306	0
gcta	0	41	6.116085213322477e-4	0.08337550151619434	1.006240298098564	0.00982997932751128	9.492469307682572e-5	0	0	0.5204081632653061	0.06122448979591836	0.03061224489795918	0.03061224489795918
pca-plink-pure	20	42	0.00817804869257739	0.02789459239994223	1.0524783438402092	0.01242986119900434	1.3711344555541492e-4	1.0547188119647302e-5	0	0.3979591836734694	0.02040816326530612	0	0
gcta	0	42	9.250180658646734e-4	0.03391259235149733	1.0007957063413924	0.01010947981268193	9.492469307682572e-5	5.273594059823651e-6	0	0.42857142857142855	0.02040816326530612	0	0
pca-plink-pure	20	43	0.00579531056182347	0.0597792558922223	1.0339151302737135	0.01182867147618444	1.740286039741805e-4	2.1094376239294604e-5	0	0.3979591836734694	0.06122448979591836	0.01020408163265306	0.01020408163265306
gcta	0	43	-8.63649094451078e-4	0.06215998438998892	0.9954493071891004	0.0098352529215711	1.5293422773488588e-4	1.0547188119647302e-5	0	0.45918367346938777	0.09183673469387756	0	0
pca-plink-pure	20	44	0.01126081523148852	0.02603502870030516	1.0702491959649985	0.01269881449605535	1.9512298021347508e-4	5.273594059823651e-6	0	0.3877551020408163	0.02040816326530612	0	0
gcta	0	44	8.900942741432376e-4	0.04024946988117828	1.0101193216545563	0.0094555541492638	9.492469307682572e-5	0	0	0.41836734693877553	0.02040816326530612	0.01020408163265306	0.01020408163265306
pca-plink-pure	20	45	0.00512247122337951	0.14327901161065948	1.0297095937041272	0.01135404801080032	1.1074547525629668e-4	0	0	0.4693877551020408	0.1326530612244898	0.07142857142857142	0.07142857142857142
gcta	0	45	-5.15027345667768e-4	0.16386889601452967	0.9979300561804142	0.00987216807998987	9.492469307682572e-5	0	0	0.5	0.12244897959183672	0.08163265306122448	0.08163265306122448
pca-plink-pure	20	46	0.00420137550152434	0.07471282024840134	1.02378552538951	0.01066848078302324	1.0547188119647302e-4	0	0	0.4897959183673469	0.07142857142857142	0.02040816326530612	0.02040816326530612
gcta	0	46	-7.353802131853686e-4	0.07423260292061175	0.9959516106025188	0.00981943213939163	5.273594059823651e-5	0	0	0.45918367346938777	0.08163265306122448	0	0
pca-plink-pure	20	47	0.00518260776547328	0.10187257444922088	1.0345511131930674	0.01129603847614226	1.4238703961523858e-4	0	0	0.5102040816326531	0.07142857142857142	0.02040816326530612	0.02040816326530612
gcta	0	47	-8.969437515165699e-4	0.10647671574009993	0.9998017284614426	0.00974032822849428	1.1601906931612032e-4	0	0	0.5204081632653061	0.09183673469387756	0.03061224489795918	0.03061224489795918
pca-plink-pure	20	48	0.00718883276447804	0.0851713708040709	1.0429076612378816	0.01189722819896215	1.2656625743576763e-4	5.273594059823651e-6	0	0.5204081632653061	0.1020408163265306	0	0
gcta	0	48	-7.512332908346846e-4	0.07062611230041509	0.9991884341092124	0.00980888495127199	7.910391089735477e-5	0	0	0.5612244897959183	0.05102040816326531	0	0
pca-plink-pure	20	49	0.00376314979931232	0.08280407097978687	1.0265934186864325	0.01072121672362148	1.2129266337594396e-4	0	0	0.4897959183673469	0.08163265306122448	0.02040816326530612	0.02040816326530612
gcta	0	49	9.294083113965524e-4	0.08550290593692683	1.0060598707207395	0.00962430915917816	1.2656625743576763e-4	0	0	0.5408163265306123	0.05102040816326531	0.02040816326530612	0.02040816326530612
pca-plink-pure	20	50	0.01081310629623869	0.08441335344580637	1.0672802011683244	0.01289393747626882	1.9512298021347508e-4	0	0	0.40816326530612246	0.08163265306122448	0.02040816326530612	0.02040816326530612
gcta	0	50	8.205382689750682e-4	0.11053269330411455	1.003470877762744	0.00970341307007551	4.218875247858921e-5	0	0	0.41836734693877553	0.09183673469387756	0.05102040816326531	0.05102040816326531
